     0/199    0.824G    0.1147   0.02222   0.03937    0.1763         8       640 0.0008168   0.07639 0.0002665 3.257e-05    0.1015   0.02004   0.03759
     1/199    0.826G    0.0897   0.02079   0.03314    0.1436         3       640  0.002531   0.02083 0.0006604 0.0001021   0.07954   0.01868   0.03061
     2/199    0.826G   0.06908   0.02147   0.02805    0.1186        12       640    0.7161   0.05819   0.02966  0.007611   0.05965   0.01936    0.0263
     3/199    0.826G   0.06701   0.02008   0.02554    0.1126         7       640    0.2478    0.3958    0.2743    0.1329   0.06339   0.01571   0.02269
     4/199    0.826G   0.06331   0.01594    0.0224    0.1016         5       640    0.1755    0.6413    0.2224   0.06666   0.06073    0.0143   0.01958
     5/199    0.826G   0.06223   0.01455   0.01923   0.09601         5       640    0.1999    0.6365    0.3748    0.1133   0.06391   0.01175   0.01788
     6/199    0.826G   0.06357   0.01295   0.01809   0.09461         9       640    0.2732    0.6423    0.3925   0.07515   0.06275   0.01108   0.01698
     7/199    0.826G   0.06039   0.01324   0.01673   0.09036        10       640    0.3853    0.7056     0.461    0.1205   0.05412   0.01162   0.01639
     8/199    0.826G   0.05869   0.01192   0.01718    0.0878        10       640     0.373    0.5875    0.4317     0.118   0.05659   0.01111   0.01572
     9/199    0.826G   0.06195   0.01244   0.01674   0.09113         6       640    0.5255    0.6693    0.6052    0.2461    0.0452   0.01142   0.01668
    10/199    0.826G   0.06072   0.01094    0.0168   0.08845        14       640    0.3486    0.6444    0.4559    0.1505   0.06322  0.009653   0.01569
    11/199    0.826G   0.05295   0.01192   0.01681   0.08168         8       640    0.5009    0.7806    0.5635    0.2481   0.05234  0.009873   0.01647
    12/199    0.826G   0.05389   0.01057   0.01768   0.08214         6       640    0.5122    0.8306    0.6522    0.3374   0.04876  0.008894   0.01594
    13/199    0.826G   0.05891  0.009072   0.01626   0.08424         8       640    0.3154    0.4389    0.2591   0.04851   0.05914  0.008102   0.01546
    14/199    0.826G    0.0578   0.01098   0.01509   0.08387         5       640    0.4921     0.928    0.6407    0.3159   0.04748  0.009495   0.01538
    15/199    0.826G   0.05654   0.01076   0.01588   0.08318         3       640    0.6446    0.7908    0.6477    0.2556   0.04392   0.00856   0.01485
    16/199    0.826G   0.05255   0.01013   0.01523   0.07791         7       640    0.6017    0.6911    0.6017    0.2561   0.04173   0.00838   0.01425
    17/199    0.826G   0.04674  0.009981   0.01476   0.07148         9       640    0.4114    0.7403    0.4114    0.1726   0.04403  0.007582   0.01382
    18/199    0.826G   0.05459  0.008949   0.01527   0.07881         7       640    0.4893    0.8958    0.5149    0.3101   0.04647  0.008359    0.0166
    19/199    0.826G    0.0445  0.009855   0.01468   0.06904         8       640    0.4911    0.8778    0.6916     0.325   0.04111  0.007429   0.01383
    20/199    0.826G    0.0461  0.008164   0.01417   0.06843        11       640    0.4308    0.7578    0.5398    0.3551   0.04325  0.007263   0.01391
    21/199    0.826G   0.04508  0.008724   0.01446   0.06826        10       640    0.5315    0.9166    0.6587    0.4273   0.03442  0.007295   0.01423
    22/199    0.826G   0.04337  0.007987   0.01429   0.06565         5       640    0.5341     0.925    0.6379    0.2529   0.04098  0.007015   0.01373
    23/199    0.826G   0.04045  0.008328   0.01436   0.06313         4       640    0.4635    0.6917     0.591    0.3127   0.03168  0.006891    0.0135
    24/199    0.826G   0.04257   0.00777   0.01437    0.0647         8       640    0.4775    0.8917     0.622    0.3051   0.03963  0.006196   0.01363
    25/199    0.826G   0.03792  0.007736   0.01435      0.06         4       640    0.5459    0.9976    0.7215    0.4393   0.03408  0.006538   0.01334
    26/199    0.826G   0.03951  0.007626   0.01389   0.06102         8       640    0.5008         1    0.6803    0.3253   0.03438   0.00609   0.01313
    27/199    0.826G   0.03801  0.007189   0.01396   0.05915         4       640    0.5783    0.9355    0.6674    0.3753   0.03262  0.005771   0.01328
    28/199    0.826G   0.03538  0.006529   0.01435   0.05626         3       640    0.5982     0.925    0.7183    0.4358   0.02769  0.005952   0.01319
